Parameters:
 - t_0: 0.0
 - t_f: 1.0
 - y_0: [0.02 0.01]
 - v_0: [ 0.00578139 -0.00714415]
 - R: 1.0
 - S: 0.09999999999999999

Nodes: [ 26  51 101 251 501 651]

Errors:
 - Prasath_err_v = [1.82883827e-07 3.81042961e-08 7.77711018e-09 8.16347579e-10
 8.01364918e-11]
 - Trap_err_v = [5.53529281e-05 2.93277511e-05 1.51784300e-05 6.21506824e-06
 3.13216634e-06]
 - IMEX2_err_v = [6.60397815e-05 3.12557582e-05 1.56968169e-05 6.29263281e-06
 3.15135835e-06]
 - Daitche_err_v = [2.37537816e-05 6.96154803e-06 5.93427121e-07 1.15342248e-07
 5.93864631e-08]
 - IMEX4_err_v = [4.77757587e-05 2.82939976e-05 1.72926803e-05 1.03058648e-05
 7.92511436e-06]
 - DIRK4_err_v = [4.72053002e-05 2.82910933e-05 1.72766293e-05 1.03047989e-05
 7.92472242e-06]
