Parameters:
 - t_0: 0.0
 - t_f: 1.0
 - y_0: [0.02 0.01]
 - v_0: [ 0.00578139 -0.00714415]
 - R: 0.3333333333333333
 - S: 0.09999999999999999

Nodes: [ 26  51 101 251 501 651]

Errors:
 - Prasath_err_v = [2.85679859e-06 8.96675758e-07 2.43000926e-07 3.17636681e-08
 3.51558903e-09]
 - Trap_err_v = [5.15586048e-05 2.86574837e-05 1.55164881e-05 6.44186071e-06
 3.23328240e-06]
 - IMEX2_err_v = [8.64038103e-05 3.64231229e-05 1.68535793e-05 6.60175517e-06
 3.30572270e-06]
 - Daitche_err_v = [1.19401411e+00 1.16571984e-01 4.67151791e-06 2.67321387e-07
 1.71046712e-07]
 - IMEX4_err_v = [4.94424041e-05 3.02714073e-05 1.80664627e-05 1.07903645e-05
 8.31402683e-06]
 - DIRK4_err_v = [4.75472889e-05 2.97454991e-05 1.81090902e-05 1.07966193e-05
 8.31556630e-06]
