Parameters:
 - t_0: 0.0
 - t_f: 1.0
 - y_0: [0.02 0.01]
 - v_0: [ 0.00578139 -0.00714415]
 - R: 2.3333333333333335
 - S: 0.09999999999999999

Nodes: [ 26  51 101 251 501 651]

Errors:
 - Prasath_err_v = [1.15639539e-06 1.66809211e-07 3.07334973e-08 2.75061284e-09
 2.83199404e-10]
 - Trap_err_v = [6.41776686e-05 3.19897036e-05 1.57479836e-05 6.26194748e-06
 3.12810644e-06]
 - IMEX2_err_v = [4.90111150e-05 2.68260862e-05 1.47370468e-05 6.11337236e-06
 3.09198270e-06]
 - Daitche_err_v = [7.75594092e-05 8.32263378e-06 4.48261998e-06 1.77769317e-07
 4.72504694e-08]
 - IMEX4_err_v = [4.99453312e-05 2.69338248e-05 1.67088599e-05 9.87428294e-06
 7.54895820e-06]
 - DIRK4_err_v = [4.97854437e-05 2.73350071e-05 1.67658544e-05 9.88299137e-06
 7.55372267e-06]
