Parameters:
 - t_0: 0.0
 - t_f: 1.0
 - y_0: [1. 0.]
 - v_0: (-0.0, 1.0)
 - R: 0.7777777777777777
 - S: 0.09999999999999999

Nodes: [  26   51  101  251  501 1001]

Errors:
 - Prasath_err_v = [1.05534662e-05 2.36341918e-06 5.01953705e-07 6.06148673e-08
 1.19488604e-08 2.40277741e-09]
 - Trap_err_v = [4.36111177e-04 1.13145676e-04 2.88382117e-05 4.67201468e-06
 1.17306786e-06 2.95079257e-07]
 - IMEX2_err_v = [6.74262508e-04 1.77974429e-04 4.53321156e-05 7.31981720e-06
 1.83495668e-06 4.59338360e-07]
 - Daitche_err_v = [1.56827995e-04 7.03466471e-06 1.60804103e-06 2.19326217e-07
 4.67044402e-08 9.53709967e-09]
 - IMEX4_err_v = [9.08128436e-05 1.31587826e-05 1.43189192e-06 5.27478511e-08
 3.83238492e-09 2.62407945e-10]
 - DIRK4_err_v = [9.08122174e-05 1.31587160e-05 1.43188864e-06 5.27476447e-08
 3.83238003e-09 2.62407641e-10]

Runtimes:
 - Prasath_time_v = [  0.50794744   1.01811862   6.1988101   21.27530646  84.14580441
 433.31516314]
 - Trap_time_v = [0.02306008 0.05577588 0.19619179 0.59233618 2.07835078 5.42986989]
 - IMEX2_time_v = [0.0013423  0.00281429 0.00557399 0.01588583 0.03925991 0.10544062]
 - Daitche_time_v = [0.00251794 0.00364423 0.00722814 0.03269148 0.2121222  1.54749084]
 - IMEX4_time_v = [0.00827432 0.02574968 0.06305504 0.37643385 1.6732502  5.97859669]
 - DIRK4_time_v = [8.58099699e-01 3.20274758e+00 9.05361605e+00 5.64161508e+01
 2.28261576e+02 1.05837236e+03]
