Parameters:
 - t_0: 0.0
 - t_f: 1.0
 - y_0: [1. 0.]
 - v_0: [0.0, 1.0]
 - R: 1.
 - S: 0.09999999999999999

Nodes: [ 26,  51, 101, 251, 501]

Errors:
 - Prasath_err_v = [4.66021322e-14, 4.95107191e-14, 4.27897007e-14, 3.45333350e-14,
       5.48605294e-14]
 - Trap_err_v = [1.33301329e-04, 3.33313381e-05, 8.33320726e-06, 1.33332994e-06,
       3.33333235e-07]
 - IMEX2_err_v = [2.66659690e-04, 6.66661993e-05, 1.66666364e-05, 2.66666588e-06,
       6.66666616e-07]
 - Daitche_err_v = [2.17079771e-05, 2.78210977e-06, 3.42681505e-07, 1.98169975e-08,
       1.98919402e-09]
 - IMEX4_err_v = [2.37032662e-09, 1.48147980e-10, 9.25907786e-12, 2.38220982e-13,
       1.59887535e-14]
 - DIRK4_err_v = [2.15931934e-09, 1.35877621e-10, 9.78615378e-12, 8.05764237e-13,
       7.86975857e-14]
