Parameters:
 - t_0: 0.0
 - t_f: 1.0
 - y_0: [0. 0.]
 - v_0: [ 5.9554 -0.    ]
 - R: 0.3333333333333333
 - S: 0.09999999999999999

Nodes: [ 26  51 101 251 501 651]

Errors:
 - Prasath_err_v = [1.13375230e-03 3.03206210e-04 7.58468081e-05 1.00774796e-05
 1.13602147e-06]
 - Trap_err_v = [0.08931901 0.03597708 0.01645978 0.00631719 0.00312218]
 - IMEX2_err_v = [0.08461311 0.03479434 0.01616088 0.00626877 0.00311001]
 - Daitche_err_v = [1.32254485e+02 5.84768424e+01 6.03042609e-04 2.74403500e-04
 1.41029930e-04]
 - IMEX4_err_v = [0.05153765 0.03035486 0.01861505 0.0113091  0.00890812]
 - DIRK4_err_v = [0.05153912 0.03035499 0.01861506 0.0113091  0.00890812]
