Parameters:
 - t_0: 0.0
 - t_f: 1.0
 - y_0: [0. 0.]
 - v_0: [ 5.9554 -0.    ]
 - R: 2.3333333333333335
 - S: 0.09999999999999999

Nodes: [ 26  51 101 251 501 651]

Errors:
 - Prasath_err_v = [1.83997864e-03 5.63712019e-05 1.15799466e-05 1.13071949e-06
 1.09238759e-07]
 - Trap_err_v = [0.08502562 0.04609161 0.02399629 0.00985553 0.00497406]
 - IMEX2_err_v = [0.08323324 0.04564784 0.023884   0.00983733 0.00496948]
 - Daitche_err_v = [1.37084266e-03 2.12359764e-04 1.02726419e-04 5.42813832e-05
 3.07092923e-05]
 - IMEX4_err_v = [0.07784951 0.04430342 0.02627857 0.01500901 0.01118525]
 - DIRK4_err_v = [0.07785044 0.0443035  0.02627858 0.01500901 0.01118525]
