Parameters:
 - t_0: 0.0
 - t_f: 1.0
 - y_0: [0. 0.]
 - v_0: [ 5.9554 -0.    ]
 - R: 0.7777777777777777
 - S: 0.09999999999999999

Nodes: [ 26  51 101 251 501 651]

Errors:
 - Prasath_err_v = [9.01197094e-05 1.88927501e-05 3.99055452e-06 4.46942262e-07
 4.65715603e-08]
 - Trap_err_v = [0.09721947 0.04237714 0.0198872  0.00771013 0.00382045]
 - IMEX2_err_v = [0.09299981 0.04129192 0.0196121  0.0076657  0.0038093 ]
 - Daitche_err_v = [3.07896726e-02 5.88146817e-04 2.96332516e-04 1.25025993e-04
 6.76768163e-05]
 - IMEX4_err_v = [0.06373632 0.03611561 0.02178264 0.01294354 0.01000729]
 - DIRK4_err_v = [0.0637374  0.03611569 0.02178265 0.01294354 0.01000729]
