Parameters:
 - t_0: 0.0
 - t_f: 1.0
 - y_0: [0. 0.]
 - v_0: [0.1 0. ]
 - R: 0.7777777777777777
 - S: 0.09999999999999999

Nodes: [  26   51  101  251  501 1001]

Errors:
 - Prasath_err_v = [1.27240172e-06 3.30324805e-08 1.08694779e-08 2.75357880e-09
 9.74879430e-10 3.45590304e-10]
 - Trap_err_v = [0.01510636 0.00765102 0.00385649 0.00155077 0.00077681 0.00038876]
 - IMEX2_err_v = [0.01510636 0.00765102 0.00385649 0.00155077 0.00077681 0.00038876]
 - Daitche_err_v = [7.41527885e-03 3.98733556e-04 1.48561384e-04 4.54644222e-05
 2.16691275e-05 1.04273779e-05]
 - IMEX4_err_v = [0.01133398 0.00657699 0.00393252 0.00224047 0.00165737 0.0013621 ]
 - DIRK4_err_v = [0.01133398 0.00657699 0.00393252 0.00224047 0.00165737 0.0013621 ]

Runtimes:
 - Prasath_time_v = [   2.65028429    5.72716975   36.09215617  133.27916861  566.7732296
 2077.39460754]
 - Trap_time_v = [  0.96147251   1.95137835   5.92015767  14.1524117   46.99587083
 119.48069811]
 - IMEX2_time_v = [0.00333738 0.0301075  0.09305525 0.22388458 0.92192101 2.63113689]
 - Daitche_time_v = [ 0.05483198  0.04775095  0.1369791   0.45372176  3.27694869 16.16722226]
 - IMEX4_time_v = [1.17882729e-01 2.72369146e-01 1.02848077e+00 6.04627109e+00
 3.83315051e+01 1.30047805e+02]
 - DIRK4_time_v = [   7.03724718   22.83668518  128.90093827  587.25978661 2425.66412783
 4204.31920719]
