Parameters:
 - t_0: 0.0
 - t_f: 1.0
 - y_0: [0. 0.]
 - v_0: [0.1 0. ]
 - R: 0.7777777777777777
 - S: 0.09999999999999999

Nodes: [  26   51  101  251  501 1001]

Errors:
 - Prasath_err_v = [1.27240172e-06 3.30324805e-08 1.08694779e-08 2.75357880e-09
 9.74879430e-10 3.45590304e-10]
 - Trap_err_v = [0.01510636 0.00765102 0.00385649 0.00155077 0.00077681 0.00038876]
 - IMEX2_err_v = [0.01510636 0.00765102 0.00385649 0.00155077 0.00077681 0.00038876]
 - Daitche_err_v = [7.41527885e-03 3.98733556e-04 1.48561384e-04 4.54644222e-05
 2.16691275e-05 1.04273779e-05]
 - IMEX4_err_v = [0.01133398 0.00657699 0.00393252 0.00224047 0.00165737 0.0013621 ]
 - DIRK4_err_v = [0.01133398 0.00657699 0.00393252 0.00224047 0.00165737 0.0013621 ]

Runtimes:
 - Prasath_time_v = [2.05097198e-01 4.33075666e-01 4.00037622e+00 1.70018003e+01
 7.65831251e+01 4.87083389e+02]
 - Trap_time_v = [0.14548278 0.22117281 0.38651395 0.93121576 2.06793547 5.54450655]
 - IMEX2_time_v = [0.00132132 0.00256443 0.00515604 0.0147891  0.03748584 0.10666418]
 - Daitche_time_v = [0.0024035  0.0034771  0.00649333 0.03095245 0.20777011 1.61413765]
 - IMEX4_time_v = [0.00781083 0.01888514 0.06090021 0.37385321 1.56641054 6.09791946]
 - DIRK4_time_v = [5.67833185e-01 1.62646985e+00 6.03771806e+00 3.71518874e+01
 1.36414208e+02 6.17149953e+02]
