Parameters:
 - t_0: 0.0
 - t_f: 1.0
 - y_0: [0. 0.]
 - v_0: [ 5.9554 -0.    ]
 - R: 1.3333333333333333
 - S: 1.9999999999999998

Nodes: [ 26  51 101 251 501 651]

Errors:
 - Prasath_err_v = [7.70959501e-05 8.15032833e-06 1.48064091e-06 1.41281721e-07
 1.34977089e-08]
 - Trap_err_v = [0.12230773 0.06633232 0.03420649 0.01391055 0.00699221]
 - IMEX2_err_v = [0.11978003 0.06564071 0.03402583 0.01388084 0.00698472]
 - Daitche_err_v = [6.57681611e-04 2.44665417e-04 1.48711184e-04 5.62414923e-05
 2.63933435e-05]
 - IMEX4_err_v = [0.10114199 0.05743199 0.03362362 0.01839486 0.01313221]
 - DIRK4_err_v = [0.10114225 0.05743202 0.03362362 0.01839486 0.01313221]
