Parameters:
 - t_0: 0.0
 - t_f: 1.0
 - y_0: [0. 0.]
 - v_0: [ 5.9554 -0.    ]
 - R: 1.3333333333333333
 - S: 3.9999999999999996

Nodes: [ 26  51 101 251 501 651]

Errors:
 - Prasath_err_v = [8.10589934e-03 6.12137263e-06 1.00917773e-06 9.52311078e-08
 9.04019399e-09]
 - Trap_err_v = [0.10618199 0.05708048 0.02930906 0.01188691 0.0059696 ]
 - IMEX2_err_v = [0.10396733 0.05644942 0.0291413  0.01185906 0.00596255]
 - Daitche_err_v = [9.66005794e-04 1.45624054e-04 1.00403234e-04 3.81364809e-05
 1.74808000e-05]
 - IMEX4_err_v = [0.08603594 0.04861664 0.02839962 0.01546521 0.01098784]
 - DIRK4_err_v = [0.08603601 0.04861665 0.02839963 0.01546521 0.01098784]
