Parameters:
 - t_0: 0.0
 - t_f: 1.0
 - y_0: [0. 0.]
 - v_0: [ 5.9554 -0.    ]
 - R: 1.3333333333333333
 - S: 0.9999999999999999

Nodes: [ 26  51 101 251 501 651]

Errors:
 - Prasath_err_v = [1.07259880e-03 1.25278989e-05 2.28094635e-06 2.20487942e-07
 2.12100059e-08]
 - Trap_err_v = [0.13345104 0.07223925 0.03726235 0.015164   0.00762472]
 - IMEX2_err_v = [0.13063666 0.0714932  0.03707022 0.01513265 0.00761683]
 - Daitche_err_v = [4.52800572e-04 3.50250477e-04 1.99988073e-04 7.73547844e-05
 3.73002581e-05]
 - IMEX4_err_v = [0.11134187 0.06339588 0.03720433 0.0204905  0.01473038]
 - DIRK4_err_v = [0.11134234 0.06339593 0.03720433 0.0204905  0.01473038]
