Parameters:
 - t_0: 0.0
 - t_f: 1.0
 - y_0: [0. 0.]
 - v_0: [ 5.9554 -0.    ]
 - R: 1.3333333333333333
 - S: 0.49999999999999994

Nodes: [ 26  51 101 251 501 651]

Errors:
 - Prasath_err_v = [5.70868033e-05 1.97619571e-05 3.66613279e-06 3.59514529e-07
 3.48172940e-08]
 - Trap_err_v = [0.13596    0.07228851 0.03703066 0.01502234 0.00754696]
 - IMEX2_err_v = [0.13291307 0.07149657 0.03682839 0.0149895  0.00753871]
 - Daitche_err_v = [3.49248360e-04 4.08650574e-04 2.34757515e-04 9.51805249e-05
 4.74690400e-05]
 - IMEX4_err_v = [0.1123949  0.06388964 0.03759664 0.02091467 0.015191  ]
 - DIRK4_err_v = [0.11239555 0.0638897  0.03759666 0.02091468 0.015191  ]
