Parameters:
 - t_0: 0.0
 - t_f: 1.0
 - y_0: [0. 0.]
 - v_0: [ 5.9554 -0.    ]
 - R: 1.3333333333333333
 - S: 0.009999999999999998

Nodes: [ 26  51 101 251 501 651]

Errors:
 - Prasath_err_v = [3.64583087e-04 9.55432927e-05 2.35024647e-05 2.93722886e-06
 3.14755614e-07]
 - Trap_err_v = [0.02169793 0.00917987 0.00433866 0.00169653 0.00084339]
 - IMEX2_err_v = [0.01972971 0.00880142 0.00425637 0.00168424 0.00084038]
 - Daitche_err_v = [8.47451255e+07 1.76786898e+11 6.43048896e+09 1.04723325e-04
 4.30556883e-05]
 - IMEX4_err_v = [0.01579294 0.00937819 0.00589829 0.00389127 0.00328992]
 - DIRK4_err_v = [0.01579394 0.00937826 0.0058983  0.00389127 0.00328992]
