Parameters:
 - t_0: 0.0
 - t_f: 1.0
 - y_0: [0. 0.]
 - v_0: (5.414, -0.0)
 - R: 0.7777777777777777
 - S: 0.09999999999999999

Nodes: [  26   51  101  251  501 1001]

Errors:
 - Prasath_err_v = [1.89391824e-04 4.27407114e-05 9.20149031e-06 1.10030431e-06
 1.84755368e-07]
 - Trap_err_v = [7.06575802e-03 1.63585571e-03 3.97046209e-04 6.31550374e-05
 1.58231246e-05]
 - IMEX2_err_v = [4.42151427e-03 1.03674941e-03 2.54690640e-04 4.06417170e-05
 1.01604587e-05]
 - Daitche_err_v = [1.97829732e-03 1.28862390e-04 9.33864044e-06 9.90228862e-07
 3.37062728e-07]
 - IMEX4_err_v = [5.98041432e-04 9.30917864e-05 8.11974876e-06 2.07781371e-07
 3.25424356e-08]
 - DIRK4_err_v = [5.97318994e-04 9.30405877e-05 8.11633731e-06 2.07691760e-07
 3.25524284e-08]

Runtimes:
 - Prasath_time_v = [  1.22759008   2.02638865  11.74515843  33.35440874 103.93068695]
 - Trap_time_v = [0.09371448 0.21032429 0.27710843 0.93618584 3.23940086]
 - IMEX2_time_v = [0.00463939 0.00874972 0.01828694 0.04735279 0.10199714]
 - Daitche_time_v = [0.01258159 0.01907039 0.03345132 0.09258604 0.33122921]
 - IMEX4_time_v = [0.01800823 0.03876805 0.10161448 0.47869706 1.8699162 ]
 - DIRK4_time_v = [  1.72665143   5.60488605  17.23078012  83.08783293 303.3009212 ]
