Parameters:
 - t_0: 0.0
 - t_f: 1.0
 - y_0: [0. 0.]
 - v_0: (5.414, -0.0)
 - R: 0.7777777777777777
 - S: 0.09999999999999999

Nodes: [  26   51  101  251  501 1001]

Errors:
 - Prasath_err_v = [1.89391824e-04 4.27407114e-05 9.20149031e-06 1.10030431e-06
 1.84755368e-07]
 - Trap_err_v = [7.06575802e-03 1.63585571e-03 3.97046209e-04 6.31550374e-05
 1.58231246e-05]
 - IMEX2_err_v = [4.42151427e-03 1.03674941e-03 2.54690640e-04 4.06417170e-05
 1.01604587e-05]
 - Daitche_err_v = [1.97829732e-03 1.28862390e-04 9.33864044e-06 9.90228862e-07
 3.37062728e-07]
 - IMEX4_err_v = [5.98041432e-04 9.30917864e-05 8.11974876e-06 2.07781371e-07
 3.25424356e-08]
 - DIRK4_err_v = [5.97318994e-04 9.30405877e-05 8.11633731e-06 2.07691760e-07
 3.25524284e-08]

Runtimes:
 - Prasath_time_v = [ 18.20652485  39.3925035   65.05599117 172.17037725 518.96348929]
 - Trap_time_v = [ 1.63146901  2.74864817  4.77229762 18.61438251 14.12062693]
 - IMEX2_time_v = [0.06960201 0.04397225 0.03387594 1.09148383 0.16201091]
 - Daitche_time_v = [0.14980149 0.35132718 0.56711102 1.32805252 2.73373771]
 - IMEX4_time_v = [0.30560541 0.48044682 2.28385997 9.94079804 4.25267887]
 - DIRK4_time_v = [  24.87129927   95.33459663  279.80370712 1101.89632821  758.60950756]
