Parameters:
 - t_0: 0.0
 - t_f: 1.0
 - y_0: [0. 0.]
 - v_0: [0.  0.1]
 - R: 0.7777777777777777
 - S: 0.09999999999999999

Nodes: [ 26  51 101 251 501]

Errors:
 - Prasath: [1.35546802e-04 3.05940800e-05 6.48691477e-06 7.78492028e-07
 1.50848736e-07]
 - Trap. Rule: [0.01690979 0.00829855 0.00421596 0.00171794 0.0008645 ]
 - IMEX2: [0.01814056 0.00857414 0.00421019 0.00171704 0.00086428]
 - Daitche: [6.82799206e-03 4.41929065e-04 1.59772990e-04 5.01386326e-05
 2.41136642e-05]
 - IMEX4: [0.01199587 0.00729253 0.00439286 0.00250482 0.00185299]
 - DIKR4: [0.01199589 0.00729254 0.00439286 0.00250482 0.00185299]
