Parameters:
 - t_0: 0.0
 - t_f: 1.0
 - y_0: [0. 0.]
 - v_0: [0.  0.1]
 - R: 1.0
 - S: 0.09999999999999999

Nodes: [ 26  51 101 251 501]

Errors:
 - Prasath: [2.81819133e-06 2.88242211e-08 9.55585292e-09 2.49913646e-09
 9.52263683e-10]
 - Trap. Rule: [0.01675732 0.00849528 0.00428354 0.00172282 0.00086304]
 - IMEX2: [0.01680011 0.00850597 0.00428621 0.00172325 0.00086315]
 - Daitche: [1.57407337e-03 3.92718651e-04 1.35982957e-04 3.95566018e-05
 1.88367259e-05]
 - IMEX4: [0.01258095 0.00729624 0.00436025 0.00248105 0.00183331]
 - DIKR4: [0.01258094 0.00729624 0.00436025 0.00248105 0.00183331]
