Parameters:
 - t_0: 0.0
 - t_f: 1.0
 - y_0: [0. 0.]
 - v_0: (0.05, 0.0)
 - R: 0.7777777777777777
 - S: 0.09999999999999999

Nodes: [ 26  51 101 251 501]

Errors:
 - Prasath_err_v = [1.34811615e-04 3.05620861e-05 6.47589363e-06 7.75587977e-07
 1.49725043e-07]
 - Trap_err_v = [2.08520830e-03 5.40842151e-04 1.34442718e-04 2.15090119e-05
 5.38657658e-06]
 - IMEX2_err_v = [2.81813095e-03 7.87826239e-04 2.00759479e-04 3.23970422e-05
 8.12151817e-06]
 - Daitche_err_v = [1.78132965e-03 1.53376325e-04 2.03268982e-05 1.53277987e-06
 2.67267966e-07]
 - IMEX4_err_v = [7.61089906e-04 7.64067192e-05 8.52747076e-06 3.15540137e-07
 2.29405625e-08]
 - DIRK4_err_v = [7.61057508e-04 7.63958051e-05 8.52819728e-06 3.15565289e-07
 2.29422679e-08]
