Parameters:
 - t_0: 0.0
 - t_f: 1.0
 - y_0: [0. 0.]
 - v_0: [0.05 0.1 ]
 - R: 1.0
 - S: 0.09999999999999999

Nodes: [ 26  51 101 251 501]

Errors:
 - Prasath_err_v = [2.52064407e-06 2.58040092e-08 8.56977487e-09 2.25770976e-09
 8.73382869e-10]
 - Trap_err_v = [0.01498182 0.00759681 0.00383092 0.00154087 0.00077191]
 - IMEX2_err_v = [0.01502967 0.00760877 0.00383391 0.00154135 0.00077203]
 - Daitche_err_v = [1.51526017e-03 3.58286392e-04 1.22076960e-04 3.53192172e-05
 1.68403589e-05]
 - IMEX4_err_v = [0.01125274 0.00652595 0.00389993 0.00221912 0.00163976]
 - DIRK4_err_v = [0.01125273 0.00652595 0.00389993 0.00221912 0.00163976]
