Parameters:
 - t_0: 0.0
 - t_f: 1.0
 - y_0: [0. 0.]
 - v_0: (5.414, -0.0)
 - R: 1.3333333333333333
 - S: 0.49999999999999994

Nodes: [ 26  51 101 251 501 651]

Errors:
 - Prasath_err_v = [6.26902695e-05 9.80527309e-06 1.82511283e-06 1.80176592e-07
 1.75684101e-08]
 - Trap_err_v = [1.43352768e-02 4.06145659e-03 1.05619270e-03 1.72032618e-04
 4.32361800e-05]
 - IMEX2_err_v = [1.68010867e-02 4.68926950e-03 1.21830717e-03 1.98640830e-04
 4.99529117e-05]
 - Daitche_err_v = [1.90512698e-03 2.67467799e-04 3.74105312e-05 2.84475189e-06
 4.24642693e-07]
 - IMEX4_err_v = [2.37088791e-03 1.32720321e-04 7.18325769e-06 1.60239486e-07
 1.97504583e-08]
 - DIRK4_err_v = [2.37054019e-03 1.32699178e-04 7.18198825e-06 1.60195601e-07
 1.97368527e-08]
