Parameters:
 - t_0: 0.0
 - t_f: 1.0
 - y_0: [0. 0.]
 - v_0: (5.414, -0.0)
 - R: 1.3333333333333333
 - S: 3.9999999999999996

Nodes: [ 26  51 101 251 501 651]

Errors:
 - Prasath_err_v = [3.38185384e-03 2.30576967e-06 3.78603553e-07 3.58547186e-08
 3.41954137e-09]
 - Trap_err_v = [4.24116456e-03 1.01008551e-03 2.56263866e-04 4.16551411e-05
 1.04780879e-05]
 - IMEX2_err_v = [7.23293355e-03 1.80362310e-03 4.59720362e-04 7.47989742e-05
 1.88197244e-05]
 - Daitche_err_v = [1.55746434e-03 2.05534277e-04 2.66636587e-05 1.78213444e-06
 2.30798112e-07]
 - IMEX4_err_v = [1.90502326e-03 1.90372304e-04 1.37554196e-05 3.80420239e-07
 2.36711166e-08]
 - DIRK4_err_v = [1.90497154e-03 1.90371346e-04 1.37554959e-05 3.80427870e-07
 2.36709044e-08]
