Parameters:
 - t_0: 0.0
 - t_f: 1.0
 - y_0: [0. 0.]
 - v_0: (5.414, -0.0)
 - R: 1.3333333333333333
 - S: 0.9999999999999999

Nodes: [ 26  51 101 251 501 651]

Errors:
 - Prasath_err_v = [4.73317063e-04 5.86598255e-06 1.07100726e-06 1.04121227e-07
 1.00747623e-08]
 - Trap_err_v = [1.23195011e-02 3.53993466e-03 9.27855859e-04 1.51534314e-04
 3.80985582e-05]
 - IMEX2_err_v = [1.49187992e-02 4.18652871e-03 1.09329636e-03 1.78608849e-04
 4.49286987e-05]
 - Daitche_err_v = [1.75585693e-03 2.40745578e-04 3.27266768e-05 2.37435491e-06
 3.36910318e-07]
 - IMEX4_err_v = [2.74818350e-03 2.00151552e-04 1.26462525e-05 3.20924177e-07
 2.27775977e-08]
 - DIRK4_err_v = [2.74791875e-03 2.00134741e-04 1.26449986e-05 3.20873033e-07
 2.27685558e-08]
