Parameters:
 - t_0: 0.0
 - t_f: 1.0
 - y_0: [0. 0.]
 - v_0: (5.414, -0.0)
 - R: 1.3333333333333333
 - S: 0.009999999999999998

Nodes: [ 26  51 101 251 501 651]

Errors:
 - Prasath_err_v = [2.38037091e-04 5.90952741e-05 1.43519863e-05 1.78681589e-06
 1.92291168e-07]
 - Trap_err_v = [3.14964847e-03 8.20679516e-04 2.07882083e-04 3.32223127e-05
 8.13445967e-06]
 - IMEX2_err_v = [1.68182071e-03 4.43152080e-04 1.14805876e-04 1.90242529e-05
 4.96780864e-06]
 - Daitche_err_v = [2.09157316e+06 2.99565443e+09 6.97918760e+07 3.25064920e-06
 6.92913534e-07]
 - IMEX4_err_v = [1.80456018e-04 2.04091695e-05 1.39385295e-06 1.95313903e-07
 2.36455761e-07]
 - DIRK4_err_v = [1.81011222e-04 2.04362953e-05 1.39478458e-06 1.95344803e-07
 2.36461122e-07]
