Parameters:
 - t_0: 0.0
 - t_f: 1.0
 - y_0: [1. 0.]
 - v_0: (-0.0, 1.0)
 - R: 1.3333333333333333
 - S: 1.9999999999999998

Nodes: [ 26  51 101 251 501]

Errors:
 - Prasath_err_v = [2.08251380e-05 2.56994300e-07 4.77014669e-08 5.11219957e-09
 9.83109207e-10]
 - Trap_err_v = [2.96767520e-03 8.01481398e-04 2.06208569e-04 3.34747326e-05
 8.40543216e-06]
 - IMEX2_err_v = [3.12883633e-03 8.40829543e-04 2.16009742e-04 3.50458111e-05
 8.79873528e-06]
 - Daitche_err_v = [2.49385200e-05 3.73311256e-06 5.61231013e-07 4.64765190e-08
 7.68304347e-09]
 - IMEX4_err_v = [2.80480848e-04 2.22981458e-05 1.59101973e-06 4.49763026e-08
 2.91592003e-09]
 - DIRK4_err_v = [2.80480162e-04 2.22980922e-05 1.59101434e-06 4.49767294e-08
 2.91574615e-09]
