Parameters:
 - t_0: 0.0
 - t_f: 1.0
 - y_0: [1. 0.]
 - v_0: (-0.0, 1.0)
 - R: 1.3333333333333333
 - S: 0.9999999999999999

Nodes: [ 26  51 101 251 501]

Errors:
 - Prasath_err_v = [9.14836532e-05 4.27318133e-07 7.82425522e-08 8.32212424e-09
 1.56643859e-09]
 - Trap_err_v = [2.68049057e-03 7.21422622e-04 1.85423826e-04 3.00911608e-05
 7.55540885e-06]
 - IMEX2_err_v = [2.79942054e-03 7.48945504e-04 1.92176940e-04 3.11706355e-05
 7.82570771e-06]
 - Daitche_err_v = [2.82530459e-05 4.32267564e-06 6.65068730e-07 5.89994772e-08
 1.04840801e-08]
 - IMEX4_err_v = [2.64443278e-04 2.24587605e-05 1.64503777e-06 4.76171590e-08
 3.11912659e-09]
 - DIRK4_err_v = [2.64442312e-04 2.24586928e-05 1.64503177e-06 4.76170899e-08
 3.11915564e-09]
