Parameters:
 - t_0: 0.0
 - t_f: 1.0
 - y_0: [1. 0.]
 - v_0: (-0.0, 1.0)
 - R: 1.3333333333333333
 - S: 0.49999999999999994

Nodes: [ 26  51 101 251 501]

Errors:
 - Prasath_err_v = [3.12120601e-06 6.79544152e-07 1.25984023e-07 1.34224614e-08
 2.49770713e-09]
 - Trap_err_v = [2.11565675e-03 5.67010069e-04 1.45580171e-04 2.36168760e-05
 5.92940102e-06]
 - IMEX2_err_v = [2.17221789e-03 5.76936946e-04 1.47796790e-04 2.39643820e-05
 6.01650569e-06]
 - Daitche_err_v = [3.11670418e-05 4.85710597e-06 7.62428404e-07 7.74998472e-08
 1.42301904e-08]
 - IMEX4_err_v = [2.27830026e-04 2.13291679e-05 1.63315436e-06 4.87685347e-08
 3.24228231e-09]
 - DIRK4_err_v = [2.27828862e-04 2.13290907e-05 1.63314881e-06 4.87685177e-08
 3.24220999e-09]
