Parameters:
 - t_0: 0.0
 - t_f: 1.0
 - y_0: [0.02 0.01]
 - v_0: (array(0.00525581), array(-0.00649468))
 - R: 0.7777777777777777
 - S: 0.09999999999999999

Nodes: [  26   51  101  251  501 1001]

Errors:
 - Prasath_err_v = [5.05131509e-07 1.31477354e-07 2.93009837e-08 3.39890728e-09
 5.70402396e-10]
 - Trap_err_v = [1.67119933e-05 3.59915822e-06 8.15391065e-07 1.28335796e-07
 3.10963808e-08]
 - IMEX2_err_v = [1.38507652e-05 3.40649643e-06 7.69088484e-07 1.28675175e-07
 3.26760348e-08]
 - Daitche_err_v = [3.39090629e-04 9.96432409e-06 1.59185214e-06 1.11328026e-07
 2.22022968e-08]
 - IMEX4_err_v = [1.45844368e-06 3.15432840e-07 1.54117974e-08 4.91842388e-09
 4.74374631e-10]
 - DIRK4_err_v = [6.79956574e-07 3.82796774e-08 2.72565459e-08 9.23672949e-10
 2.13667165e-09]

Runtimes:
 - Prasath_time_v = [  1.12807655   2.15524435  11.49862313  33.84969258 119.39374304]
 - Trap_time_v = [0.08016992 0.15147948 0.53069973 1.82105541 4.85997415]
 - IMEX2_time_v = [0.00794387 0.01678538 0.03653812 0.08785009 0.17971206]
 - Daitche_time_v = [0.01741362 0.02935457 0.05405831 0.15116119 0.45960116]
 - IMEX4_time_v = [0.02882886 0.06387663 0.17958045 0.64133692 2.16457558]
 - DIRK4_time_v = [  2.11235476   6.73434162  18.68708444  91.92700362 286.38150978]
