Parameters:
 - t_0: 0.0
 - t_f: 1.0
 - y_0: [0. 0.]
 - v_0: [ 5.9554 -0.    ]
 - R: 0.7777777777777777
 - S: 0.09999999999999999

Nodes: [  26   51  101  251  501 1001]

Errors:
 - Prasath_err_v = [9.01553322e-05 1.89281867e-05 4.02604288e-06 4.82541650e-07
 8.22424252e-08]
 - Trap_err_v = [0.09721945 0.04237712 0.01988718 0.00771012 0.00382043]
 - IMEX2_err_v = [0.09299979 0.0412919  0.01961208 0.00766568 0.00380928]
 - Daitche_err_v = [3.07896635e-02 5.88149006e-04 2.96334194e-04 1.25021066e-04
 6.76672120e-05]
 - IMEX4_err_v = [0.0637363  0.03611559 0.02178262 0.01294351 0.01000727]
 - DIRK4_err_v = [0.06373737 0.03611567 0.02178263 0.01294352 0.01000727]

Runtimes:
 - Prasath_time_v = [  1.15284801   2.01568055   5.14800715  33.32046556 104.12007713]
 - Trap_time_v = [0.09033847 0.20709229 0.23086524 0.91744542 3.18789673]
 - IMEX2_time_v = [0.00434709 0.00855565 0.01752043 0.04550052 0.09941697]
 - Daitche_time_v = [0.01166153 0.01807022 0.03261375 0.0909152  0.32977581]
 - IMEX4_time_v = [0.01737618 0.03756905 0.10017419 0.47646332 1.86686611]
 - DIRK4_time_v = [  1.66660714   5.79430914  16.96550369  83.44027615 303.50159764]
