Parameters:
 - t_0: 0.0
 - t_f: 1.0
 - y_0: [0.02 0.01]
 - v_0: [ 0.00578139 -0.00714415]
 - R: 0.7777777777777777
 - S: 0.09999999999999999

Nodes: [  26   51  101  251  501 1001]

Errors:
 - Prasath_err_v = [3.96671389e-07 9.44275634e-08 1.93059284e-08 2.32442290e-09
 3.64427966e-10]
 - Trap_err_v = [5.54887474e-05 2.93114290e-05 1.52709946e-05 6.30807912e-06
 3.18559364e-06]
 - IMEX2_err_v = [7.07426447e-05 3.30415162e-05 1.62093928e-05 6.43666110e-06
 3.21278082e-06]
 - Daitche_err_v = [2.46587369e-04 9.91790407e-06 1.51699288e-06 1.33797723e-07
 7.14612204e-08]
 - IMEX4_err_v = [4.79665017e-05 2.90561957e-05 1.76135406e-05 1.04989011e-05
 8.07208720e-06]
 - DIRK4_err_v = [4.76985318e-05 2.89343548e-05 1.76059468e-05 1.04963136e-05
 8.07275321e-06]

Runtimes:
 - Prasath_time_v = [  1.17585468   2.07376075   5.03009939  33.70203614 105.56349945]
 - Trap_time_v = [0.0785861  0.14926744 0.41939783 1.76067019 4.83885884]
 - IMEX2_time_v = [0.0076437  0.01694727 0.03376985 0.08642912 0.1810298 ]
 - Daitche_time_v = [0.01686692 0.02913785 0.05501461 0.15066624 0.4551878 ]
 - IMEX4_time_v = [0.02845955 0.06432676 0.15426755 0.62107396 2.15989494]
 - DIRK4_time_v = [  2.08547235   6.58837461  18.03045583  90.8582499  280.95322633]
