Parameters:
 - t_0: 0.0
 - t_f: 1.0
 - y_0: [0. 0.]
 - v_0: (5.414, -0.0)
 - R: 0.7777777777777777
 - S: 0.09999999999999999

Nodes: [ 26  51 101 251 501 651]

Errors:
 - Prasath_err_v = [1.89312398e-04 4.26612726e-05 9.12201538e-06 1.02079693e-06
 1.05233147e-07]
 - Trap_err_v = [7.06582449e-03 1.63592064e-03 3.97110474e-04 6.32190422e-05
 1.58871707e-05]
 - IMEX2_err_v = [4.42152698e-03 1.03674747e-03 2.54682328e-04 4.06310806e-05
 1.01498046e-05]
 - Daitche_err_v = [1.97837192e-03 1.28815976e-04 9.32249101e-06 1.06973371e-06
 4.13822031e-07]
 - IMEX4_err_v = [5.97961964e-04 9.30165213e-05 8.04585763e-06 1.41865377e-07
 1.11810397e-07]
 - DIRK4_err_v = [5.97239527e-04 9.29653241e-05 8.04244922e-06 1.41791764e-07
 1.11820234e-07]
