Parameters:
 - t_0: 0.0
 - t_f: 1.0
 - y_0: [0. 0.]
 - v_0: (5.414, -0.0)
 - R: 0.3333333333333333
 - S: 0.09999999999999999

Nodes: [ 26  51 101 251 501 651]

Errors:
 - Prasath_err_v = [1.20134966e-03 3.23342387e-04 8.11505852e-05 1.08030127e-05
 1.21760053e-06]
 - Trap_err_v = [1.36213828e-02 2.85547855e-03 6.73364094e-04 1.06857233e-04
 2.71881210e-05]
 - IMEX2_err_v = [1.14127363e-02 2.59088439e-03 6.38925343e-04 1.02188898e-04
 2.53593549e-05]
 - Daitche_err_v = [2.01051183e+01 7.27061095e+00 8.17823851e-05 1.79886515e-05
 5.29571052e-06]
 - IMEX4_err_v = [2.92280644e-03 3.80183652e-04 3.00089192e-05 8.18876596e-07
 1.54281474e-06]
 - DIRK4_err_v = [2.92155480e-03 3.80067744e-04 2.99973858e-05 8.19512790e-07
 1.54289355e-06]
