Parameters:
 - t_0: 0.0
 - t_f: 1.0
 - y_0: [0. 0.]
 - v_0: (5.414, -0.0)
 - R: 1.3333333333333333
 - S: 0.09999999999999999

Nodes: [ 26  51 101 251 501 651]

Errors:
 - Prasath_err_v = [1.51750776e-04 2.89333861e-05 5.71030978e-06 5.91846341e-07
 5.88868870e-08]
 - Trap_err_v = [5.61540125e-03 1.39168562e-03 3.46034811e-04 5.56450920e-05
 1.39751479e-05]
 - IMEX2_err_v = [7.75068736e-03 1.94946386e-03 4.90074908e-04 7.93379109e-05
 1.99853988e-05]
 - Daitche_err_v = [2.14886210e-03 3.12170780e-04 4.57694374e-05 3.77399545e-06
 6.28293763e-07]
 - IMEX4_err_v = [4.57823410e-04 8.23419674e-05 7.81416983e-06 1.90287490e-07
 5.37616678e-08]
 - DIRK4_err_v = [4.58133410e-04 8.23751602e-05 7.81650650e-06 1.90369877e-07
 5.37586037e-08]
