Parameters:
 - t_0: 0.0
 - t_f: 1.0
 - y_0: [0. 0.]
 - v_0: (5.414, -0.0)
 - R: 1.0
 - S: 0.09999999999999999

Nodes: [ 26  51 101 251 501 651]

Errors:
 - Prasath_err_v = [1.48438105e-14 3.83469168e-14 4.68345711e-14 1.98813636e-14
 2.19869012e-14]
 - Trap_err_v = [3.02925989e-03 7.57923275e-04 1.89542131e-04 3.03321223e-05
 7.58322435e-06]
 - IMEX2_err_v = [1.95799599e-03 5.36254520e-04 1.40182221e-04 2.30272300e-05
 5.80702848e-06]
 - Daitche_err_v = [1.69801042e-03 2.20617041e-04 2.78100755e-05 1.74651515e-06
 2.08528199e-07]
 - IMEX4_err_v = [4.44493185e-07 2.67750821e-08 1.64369966e-09 4.16427303e-11
 2.59675681e-12]
 - DIRK4_err_v = [2.10142448e-07 1.29751475e-08 7.98947527e-10 1.82365436e-11
 2.19395245e-12]
