Parameters:
 - t_0: 0.0
 - t_f: 1.0
 - y_0: [0. 0.]
 - v_0: (5.414, -0.0)
 - R: 2.3333333333333335
 - S: 0.09999999999999999

Nodes: [ 26  51 101 251 501 651]

Errors:
 - Prasath_err_v = [1.95937515e-03 3.91162658e-05 8.17364881e-06 8.01897934e-07
 7.78429413e-08]
 - Trap_err_v = [2.48367944e-02 6.51882615e-03 1.65319740e-03 2.67185751e-04
 6.70930226e-05]
 - IMEX2_err_v = [2.57764566e-02 6.77967495e-03 1.72459557e-03 2.79324365e-04
 7.01973686e-05]
 - Daitche_err_v = [2.59472636e-03 3.97261709e-04 6.09831765e-05 5.29122295e-06
 9.04478814e-07]
 - IMEX4_err_v = [1.80141379e-03 9.20994532e-05 1.09924509e-05 3.14246631e-07
 6.52568311e-08]
 - DIRK4_err_v = [1.80108591e-03 9.21393352e-05 1.09970418e-05 3.14465628e-07
 6.52385022e-08]
