Parameters:
 - t_0: 0.0
 - t_f: 1.0
 - y_0: [0. 0.]
 - v_0: [ 5.9554 -0.    ]
 - R: 1.0
 - S: 0.09999999999999999

Nodes: [ 26  51 101 251 501 651]

Errors:
 - Prasath_err_v = [1.16531014e-04 2.67948538e-05 5.49384892e-06 5.82710523e-07
 5.78946876e-08]
 - Trap_err_v = [0.09806417 0.04437451 0.02115838 0.00827073 0.00410869]
 - IMEX2_err_v = [0.09419276 0.04337464 0.02090438 0.00822968 0.00409839]
 - Daitche_err_v = [1.31630910e-03 4.19229115e-04 2.27882269e-04 1.01125997e-04
 5.58565605e-05]
 - IMEX4_err_v = [0.06820398 0.03838105 0.02302813 0.01356573 0.01040904]
 - DIRK4_err_v = [0.06820494 0.03838112 0.02302814 0.01356573 0.01040904]
