Parameters:
 - t_0: 0.0
 - t_f: 1.0
 - y_0: [0. 0.]
 - v_0: [ 5.9554 -0.    ]
 - R: 1.3333333333333333
 - S: 0.09999999999999999

Nodes: [ 26  51 101 251 501 651]

Errors:
 - Prasath_err_v = [2.86132181e-04 5.33396676e-05 1.05001446e-05 1.08042695e-06
 1.06633157e-07]
 - Trap_err_v = [0.09674063 0.04613173 0.02254089 0.00893051 0.00445549]
 - IMEX2_err_v = [0.09342258 0.04527477 0.02232275 0.00889521 0.00444663]
 - Daitche_err_v = [6.42053996e-04 2.92942143e-04 1.70091120e-04 8.06604909e-05
 4.54013038e-05]
 - IMEX4_err_v = [0.07301525 0.04099055 0.02446431 0.01426012 0.01083751]
 - DIRK4_err_v = [0.07301615 0.04099062 0.02446432 0.01426012 0.01083751]
