Parameters:
 - t_0: 0.0
 - t_f: 1.0
 - y_0: [0. 0.]
 - v_0: (0.05, 0.0)
 - R: 1.3333333333333333
 - S: 3.9999999999999996

Nodes: [ 26  51 101 251 501]

Errors:
 - Prasath_err_v = [5.90616306e-04 4.56488555e-06 8.12189134e-07 8.32759601e-08
 1.48232760e-08]
 - Trap_err_v = [3.41016136e-03 9.87037431e-04 2.56023087e-04 4.15999117e-05
 1.04428656e-05]
 - IMEX2_err_v = [3.24048062e-03 8.92464497e-04 2.29028550e-04 3.71075007e-05
 9.31258232e-06]
 - Daitche_err_v = [7.34927696e-04 1.05222900e-04 1.43297204e-05 1.00716939e-06
 1.35488286e-07]
 - IMEX4_err_v = [1.13836978e-03 1.14170946e-04 8.57487541e-06 2.48121749e-07
 1.61744112e-08]
 - DIRK4_err_v = [1.13860891e-03 1.14191368e-04 8.57627304e-06 2.48161440e-07
 1.61772389e-08]
