Parameters:
 - t_0: 0.0
 - t_f: 1.0
 - y_0: [0. 0.]
 - v_0: (0.05, 0.0)
 - R: 1.3333333333333333
 - S: 0.009999999999999998

Nodes: [ 26  51 101 251 501]

Errors:
 - Prasath_err_v = [1.22203763e-04 3.27444049e-05 7.90757745e-06 1.06199427e-06
 2.16516936e-07]
 - Trap_err_v = [1.91730876e-03 4.85248247e-04 1.21323090e-04 1.94320546e-05
 4.86068014e-06]
 - IMEX2_err_v = [4.58989038e-04 1.24631814e-04 3.25890025e-05 5.28100701e-06
 1.32314848e-06]
 - Daitche_err_v = [1.27122894e+06 1.81864784e+09 4.08754770e+07 1.53380218e-06
 3.17587223e-07]
 - IMEX4_err_v = [1.13377188e-04 2.26322386e-05 3.54777521e-06 1.87398261e-07
 1.56445456e-08]
 - DIRK4_err_v = [1.13228001e-04 2.26390043e-05 3.54837531e-06 1.87416248e-07
 1.56456024e-08]
