Parameters:
 - t_0: 0.0
 - t_f: 1.0
 - y_0: [0. 0.]
 - v_0: [0.  0.1]
 - R: 2.3333333333333335
 - S: 0.09999999999999999

Nodes: [ 26  51 101 251 501]

Errors:
 - Prasath_err_v = [5.70216177e-04 3.48239069e-05 6.47707688e-06 6.74803879e-07
 1.20718784e-07]
 - Trap_err_v = [0.01545187 0.00849488 0.00423389 0.00167309 0.00083242]
 - IMEX2_err_v = [0.01620215 0.00868883 0.00428165 0.00168065 0.0008343 ]
 - Daitche_err_v = [1.42789252e-03 2.89624174e-04 7.47561725e-05 1.79839517e-05
 8.08730117e-06]
 - IMEX4_err_v = [0.01402933 0.00718663 0.00414719 0.00233361 0.00171349]
 - DIRK4_err_v = [0.01402917 0.00718662 0.00414719 0.00233361 0.00171349]
