Parameters:
 - t_0: 0.0
 - t_f: 1.0
 - y_0: [0. 0.]
 - v_0: [0.  0.1]
 - R: 1.3333333333333333
 - S: 0.09999999999999999

Nodes: [ 26  51 101 251 501]

Errors:
 - Prasath: [1.15808553e-04 2.16205435e-05 4.21831699e-06 4.64582402e-07
 8.54148590e-08]
 - Trap. Rule: [0.01704991 0.00872454 0.00433388 0.00172139 0.00085847]
 - IMEX2: [0.01730437 0.00878687 0.00434902 0.00172378 0.00085906]
 - Daitche: [1.45723612e-03 3.40147619e-04 1.11422339e-04 3.00619777e-05
 1.41628814e-05]
 - IMEX4: [0.01325485 0.00729211 0.00430995 0.00244489 0.00180357]
 - DIKR4: [0.0132548  0.0072921  0.00430995 0.00244489 0.00180357]
