Parameters:
 - t_0: 0.0
 - t_f: 1.0
 - y_0: [0. 0.]
 - v_0: [0.  0.1]
 - R: 0.3333333333333333
 - S: 0.09999999999999999

Nodes: [ 26  51 101 251 501]

Errors:
 - Prasath_err_v = [8.32685795e-04 2.23262918e-04 5.57055133e-05 8.03333287e-06
 1.73708425e-06]
 - Trap_err_v = [0.02126839 0.00939769 0.0043692  0.00169541 0.00086307]
 - IMEX2_err_v = [0.02321689 0.00991371 0.00448279 0.00170309 0.0008622 ]
 - Daitche_err_v = [1.54551023e+01 8.84211111e+00 2.73056517e-04 1.07296862e-04
 5.41576904e-05]
 - IMEX4_err_v = [0.01293566 0.0072811  0.00445678 0.00255152 0.00189192]
 - DIRK4_err_v = [0.01293539 0.00728113 0.00445678 0.00255152 0.00189192]
