Parameters:
 - t_0: 0.0
 - t_f: 1.0
 - y_0: [0. 0.]
 - v_0: [0.05 0.1 ]
 - R: 0.7777777777777777
 - S: 0.09999999999999999

Nodes: [  26   51  101  251  501 1001]

Errors:
 - Prasath_err_v = [1.35546035e-04 3.05940758e-05 6.48691250e-06 7.78490809e-07
 1.50847947e-07 2.87462507e-08]
 - Trap_err_v = [0.0152796  0.00743857 0.00374915 0.00153301 0.00077234 0.00038764]
 - IMEX2_err_v = [0.01672951 0.00779537 0.00377141 0.001532   0.00077208 0.00038758]
 - Daitche_err_v = [5.73366247e-03 3.94403583e-04 1.41455955e-04 4.46892493e-05
 2.15425394e-05 1.04035253e-05]
 - IMEX4_err_v = [0.01057289 0.00650898 0.00392823 0.00224036 0.00165736 0.0013621 ]
 - DIRK4_err_v = [0.01057292 0.00650899 0.00392823 0.00224036 0.00165736 0.0013621 ]

Runtimes:
 - Prasath_time_v = [2.24128008e-01 4.72193718e-01 4.24864697e+00 1.83425531e+01
 8.07138853e+01 4.34257931e+02]
 - Trap_time_v = [0.02452779 0.05071926 0.13030362 0.55396795 2.06280351 5.32375836]
 - IMEX2_time_v = [0.00146461 0.00287843 0.00590611 0.01652956 0.04024625 0.10685515]
 - Daitche_time_v = [0.00284362 0.00417924 0.00767708 0.03456903 0.21706104 1.56574202]
 - IMEX4_time_v = [0.00852275 0.02007747 0.06437922 0.38548684 1.58592772 5.67510819]
 - DIRK4_time_v = [5.65617561e-01 2.06968570e+00 7.77759790e+00 4.45893466e+01
 1.78488655e+02 7.40654498e+02]
