Parameters:
 - t_0: 0.0
 - t_f: 1.0
 - y_0: [0. 0.]
 - v_0: (0.05, 0.0)
 - R: 0.7777777777777777
 - S: 0.09999999999999999

Nodes: [  26   51  101  251  501 1001]

Errors:
 - Prasath_err_v = [1.34811615e-04 3.05620861e-05 6.47589363e-06 7.75587977e-07
 1.49725043e-07 2.82526395e-08]
 - Trap_err_v = [2.08520830e-03 5.40842151e-04 1.34442718e-04 2.15090119e-05
 5.38657658e-06 1.35417036e-06]
 - IMEX2_err_v = [2.81813095e-03 7.87826239e-04 2.00759479e-04 3.23970422e-05
 8.12151817e-06 2.03311629e-06]
 - Daitche_err_v = [1.78132965e-03 1.53376325e-04 2.03268982e-05 1.53277987e-06
 2.67267966e-07 5.59111859e-08]
 - IMEX4_err_v = [7.61089906e-04 7.64067192e-05 8.52747076e-06 3.15540137e-07
 2.29405625e-08 1.55112454e-09]
 - DIRK4_err_v = [7.61057508e-04 7.63958051e-05 8.52819728e-06 3.15565289e-07
 2.29422679e-08 1.55126139e-09]

Runtimes:
 - Prasath_time_v = [2.28171587e-01 4.82926607e-01 4.30296111e+00 1.85697222e+01
 8.10603180e+01 4.32163738e+02]
 - Trap_time_v = [0.0244987  0.05047107 0.13070369 0.55171323 2.06073546 5.45417309]
 - IMEX2_time_v = [0.00151753 0.00283217 0.00596619 0.01671505 0.04095173 0.1093998 ]
 - Daitche_time_v = [0.00288582 0.00420713 0.00769043 0.0340724  0.21543145 1.5706954 ]
 - IMEX4_time_v = [0.008708   0.02040672 0.06495857 0.38573241 1.57927179 5.78143883]
 - DIRK4_time_v = [5.66068411e-01 2.05610538e+00 7.82741833e+00 4.48696518e+01
 1.77526005e+02 7.52921472e+02]
