Parameters:
 - t_0: 0.0
 - t_f: 1.0
 - y_0: [0. 0.]
 - v_0: [0.  0.1]
 - R: 1.3333333333333333
 - S: 3.9999999999999996

Nodes: [ 26  51 101 251 501]

Errors:
 - Prasath_err_v = [7.98631096e-04 4.53856570e-06 8.11181545e-07 8.30084979e-08
 1.47187176e-08]
 - Trap_err_v = [0.01277942 0.00770327 0.00417238 0.00174316 0.00088379]
 - IMEX2_err_v = [0.01304274 0.00778076 0.00419258 0.00174643 0.00088461]
 - Daitche_err_v = [8.67317111e-04 1.55177861e-04 3.35776909e-05 8.14363671e-06
 3.31765498e-06]
 - IMEX4_err_v = [0.01239424 0.00726604 0.00425984 0.00233866 0.00167251]
 - DIRK4_err_v = [0.01239419 0.00726603 0.00425984 0.00233866 0.00167251]
