Parameters:
 - t_0: 0.0
 - t_f: 1.0
 - y_0: [0. 0.]
 - v_0: [0.  0.1]
 - R: 1.3333333333333333
 - S: 1.9999999999999998

Nodes: [ 26  51 101 251 501]

Errors:
 - Prasath_err_v = [4.19773435e-05 6.26301768e-06 1.13034518e-06 1.16303930e-07
 2.06783824e-08]
 - Trap_err_v = [0.01552548 0.00918752 0.00492316 0.00204332 0.00103372]
 - IMEX2_err_v = [0.01583743 0.00927862 0.0049468  0.00204714 0.00103468]
 - Daitche_err_v = [9.45114973e-04 1.79884796e-04 4.25282358e-05 1.14625669e-05
 4.89587137e-06]
 - IMEX4_err_v = [0.01474337 0.00854358 0.0050055  0.00275758 0.00197932]
 - DIRK4_err_v = [0.0147433  0.00854357 0.0050055  0.00275758 0.00197932]
