Parameters:
 - t_0: 0.0
 - t_f: 1.0
 - y_0: [0. 0.]
 - v_0: [0.  0.1]
 - R: 1.3333333333333333
 - S: 0.9999999999999999

Nodes: [ 26  51 101 251 501]

Errors:
 - Prasath_err_v = [8.70158474e-05 8.59868372e-06 1.56522605e-06 1.62316869e-07
 2.89713486e-08]
 - Trap_err_v = [0.01792176 0.01033276 0.00545426 0.00224321 0.00113146]
 - IMEX2_err_v = [0.01826926 0.01043252 0.00547993 0.00224735 0.00113249]
 - Daitche_err_v = [1.04089222e-03 2.11560940e-04 5.42393282e-05 1.56714768e-05
 6.93594005e-06]
 - IMEX4_err_v = [0.01648603 0.00941177 0.00551191 0.00305103 0.0022006 ]
 - DIRK4_err_v = [0.01648595 0.00941177 0.0055119  0.00305103 0.0022006 ]
