Parameters:
 - t_0: 0.0
 - t_f: 1.0
 - y_0: [0. 0.]
 - v_0: [0.  0.1]
 - R: 1.3333333333333333
 - S: 0.009999999999999998

Nodes: [ 26  51 101 251 501]

Errors:
 - Prasath_err_v = [1.22746574e-04 3.26857903e-05 7.88725811e-06 1.05664262e-06
 2.14447478e-07]
 - Trap_err_v = [0.00700165 0.00350246 0.00174915 0.00069926 0.00034957]
 - IMEX2_err_v = [0.00707796 0.00352015 0.00175345 0.00069994 0.00034974]
 - Daitche_err_v = [1.84061436e+07 3.72520774e+10 1.33802981e+09 7.99736003e-05
 2.86871689e-05]
 - IMEX4_err_v = [0.00525566 0.0030159  0.00181226 0.001048   0.00078545]
 - DIRK4_err_v = [0.00525563 0.00301589 0.00181226 0.001048   0.00078545]
