Parameters:
 - t_0: 0.0
 - t_f: 1.0
 - y_0: [0. 0.]
 - v_0: [0.  0.1]
 - R: 1.3333333333333333
 - S: 0.49999999999999994

Nodes: [ 26  51 101 251 501]

Errors:
 - Prasath_err_v = [6.35145749e-05 1.16475629e-05 2.14799191e-06 2.25268170e-07
 4.04310882e-08]
 - Trap_err_v = [0.01940946 0.01081843 0.00560229 0.00227776 0.00114457]
 - IMEX2_err_v = [0.019767   0.01091789 0.00562754 0.00228181 0.00114558]
 - Daitche_err_v = [1.14630480e-03 2.48850148e-04 6.84184903e-05 2.04045884e-05
 9.27242922e-06]
 - IMEX4_err_v = [0.01708235 0.00958853 0.00561801 0.00312914 0.00227073]
 - DIRK4_err_v = [0.01708227 0.00958852 0.00561801 0.00312914 0.00227073]
