Parameters:
 - t_0: 0.0
 - t_f: 1.0
 - y_0: [0.02 0.01]
 - v_0: [ 0.00578139 -0.00714415]
 - R: 0.7777777777777777
 - S: 0.09999999999999999

Nodes: [ 26  51 101 251 501 651]

Errors:
 - Prasath_err_v = [3.96514895e-07 9.42708689e-08 1.91492347e-08 2.16772837e-09
 2.07757043e-10]
 - Trap_err_v = [5.54886906e-05 2.93113595e-05 1.52709197e-05 6.30800008e-06
 3.18551344e-06]
 - IMEX2_err_v = [7.07425398e-05 3.30414240e-05 1.62093060e-05 6.43657773e-06
 3.21269854e-06]
 - Daitche_err_v = [2.46587526e-04 9.91805944e-06 1.51714957e-06 1.33814866e-07
 7.14111111e-08]
 - IMEX4_err_v = [4.79664184e-05 2.90561138e-05 1.76134596e-05 1.04988206e-05
 8.07200696e-06]
 - DIRK4_err_v = [4.76984507e-05 2.89342734e-05 1.76058659e-05 1.04962332e-05
 8.07267298e-06]
