Parameters:
 - t_0: 0.0
 - t_f: 1.0
 - y_0: [0.02 0.01]
 - v_0: [ 0.00578139 -0.00714415]
 - R: 1.3333333333333333
 - S: 0.09999999999999999

Nodes: [ 26  51 101 251 501 651]

Errors:
 - Prasath_err_v = [6.67275713e-07 1.20272636e-07 2.41740625e-08 2.40870414e-09
 2.19944536e-10]
 - Trap_err_v = [5.54892865e-05 2.95659049e-05 1.50859549e-05 6.11312853e-06
 3.06825034e-06]
 - IMEX2_err_v = [6.04629572e-05 2.93096584e-05 1.49552490e-05 6.09454816e-06
 3.06961672e-06]
 - Daitche_err_v = [3.94733467e-05 2.76029798e-06 9.60101109e-07 1.21576204e-07
 4.93576546e-08]
 - IMEX4_err_v = [4.72008773e-05 2.74844597e-05 1.68186638e-05 1.00422768e-05
 7.72714618e-06]
 - DIKR4_err_v = [4.64225830e-05 2.75155535e-05 1.68431885e-05 1.00484958e-05
 7.72725752e-06]
