Parameters:
 - t_0: 0.0
 - t_f: 1.0
 - y_0: [0.02 0.01]
 - v_0: [ 0.00578139 -0.00714415]
 - R: 1.3333333333333333
 - S: 3.9999999999999996

Nodes: [ 26  51 101 251 501 651]

Errors:
 - Prasath_err_v = [1.26002665e-05 6.06879284e-08 7.80032735e-09 1.07434507e-09
 2.30554128e-10]
 - Trap_err_v = [1.00661266e-04 4.98941303e-05 2.58541875e-05 1.06286258e-05
 5.40162523e-06]
 - IMEX2_err_v = [4.00382177e-05 3.57484415e-05 2.27192478e-05 1.02946654e-05
 5.33359660e-06]
 - Daitche_err_v = [1.21661774e-04 2.22933798e-05 1.00045849e-05 3.71338350e-07
 6.10517493e-08]
 - IMEX4_err_v = [6.84072485e-05 4.47303150e-05 2.70756851e-05 1.54029931e-05
 1.13035496e-05]
 - DIRK4_err_v = [7.29877077e-05 4.47998336e-05 2.70988803e-05 1.53777752e-05
 1.12933187e-05]
