Parameters:
 - t_0: 0.0
 - t_f: 1.0
 - y_0: [0.02 0.01]
 - v_0: [ 0.00578139 -0.00714415]
 - R: 1.3333333333333333
 - S: 0.49999999999999994

Nodes: [ 26  51 101 251 501 651]

Errors:
 - Prasath_err_v = [3.68570204e-07 7.44362037e-08 1.18086252e-08 1.13763394e-09
 1.85010619e-10]
 - Trap_err_v = [9.44350778e-05 4.90975359e-05 2.41828169e-05 9.79326839e-06
 4.93542891e-06]
 - IMEX2_err_v = [7.94778297e-05 4.18817580e-05 2.33733054e-05 9.67086289e-06
 4.88800872e-06]
 - Daitche_err_v = [7.59036556e-05 5.94580230e-06 4.19383904e-06 1.73032515e-07
 5.15313913e-08]
 - IMEX4_err_v = [7.46128619e-05 4.27032489e-05 2.62267390e-05 1.52644057e-05
 1.15423519e-05]
 - DIKR4_err_v = [7.42116474e-05 4.33322185e-05 2.62401928e-05 1.52662431e-05
 1.15439752e-05]
