Parameters:
 - t_0: 0.0
 - t_f: 1.0
 - y_0: [0.02 0.01]
 - v_0: [ 0.00578139 -0.00714415]
 - R: 1.3333333333333333
 - S: 1.9999999999999998

Nodes: [ 26  51 101 251 501 651]

Errors:
 - Prasath_err_v = [2.87054031e-07 6.02484756e-08 4.59908290e-09 6.47994845e-10
 1.51290860e-10]
 - Trap_err_v = [1.05030889e-04 5.61388695e-05 2.84497576e-05 1.18453515e-05
 5.99709255e-06]
 - IMEX2_err_v = [6.04988114e-05 4.25413795e-05 2.58560516e-05 1.14168142e-05
 5.90001080e-06]
 - Daitche_err_v = [1.06438375e-04 1.91106682e-05 8.17068923e-06 4.17570731e-07
 8.76151508e-08]
 - IMEX4_err_v = [7.75222795e-05 4.98050627e-05 3.02119055e-05 1.72705967e-05
 1.27789772e-05]
 - DIRK4_err_v = [8.05761372e-05 5.04417205e-05 3.02966412e-05 1.72814776e-05
 1.27759285e-05]
