Parameters:
 - t_0: 0.0
 - t_f: 1.0
 - y_0: [0.02 0.01]
 - v_0: [ 0.00578139 -0.00714415]
 - R: 1.3333333333333333
 - S: 0.009999999999999998

Nodes: [ 26  51 101 251 501 651]

Errors:
 - Prasath_err_v = [6.28110231e-07 1.81062003e-07 4.61444845e-08 5.72820499e-09
 6.02552478e-10]
 - Trap_err_v = [2.15673011e-05 1.34590379e-05 7.44228121e-06 3.14084925e-06
 1.59923657e-06]
 - IMEX2_err_v = [3.24855094e-05 1.59959763e-05 8.08042548e-06 3.25183100e-06
 1.62654848e-06]
 - Daitche_err_v = [1.43505509e+05 2.81068131e+08 1.00317903e+07 1.84006661e-07
 9.44716879e-08]
 - IMEX4_err_v = [2.35191112e-05 1.36300875e-05 8.22282906e-06 4.79719016e-06
 3.60497157e-06]
 - DIRK4_err_v = [2.27891589e-05 1.35868815e-05 8.21420434e-06 4.79504260e-06
 3.60462720e-06]
