Parameters:
 - t_0: 0.0
 - t_f: 1.0
 - y_0: [0.02 0.01]
 - v_0: [ 0.00578139 -0.00714415]
 - R: 1.3333333333333333
 - S: 0.9999999999999999

Nodes: [ 26  51 101 251 501 651]

Errors:
 - Prasath_err_v = [1.23480429e-06 6.60360784e-08 9.12789188e-09 1.08961485e-09
 7.97168892e-11]
 - Trap_err_v = [1.04053078e-04 5.67918989e-05 2.76857067e-05 1.14380853e-05
 5.77564542e-06]
 - IMEX2_err_v = [7.49122920e-05 4.44698223e-05 2.66001704e-05 1.12014093e-05
 5.72639093e-06]
 - Daitche_err_v = [9.18395338e-05 1.20384184e-05 5.54581285e-06 3.11239957e-07
 6.70986326e-08]
 - IMEX4_err_v = [8.00824134e-05 4.90197831e-05 3.00552706e-05 1.71970627e-05
 1.28252755e-05]
 - DIRK4_err_v = [8.10638133e-05 5.01095499e-05 2.99513492e-05 1.72010122e-05
 1.28250954e-05]
