Parameters:
 - t_0: 0.0
 - t_f: 1.0
 - y_0: [0. 0.]
 - v_0: [0.1 0. ]
 - R: 1.3333333333333333
 - S: 0.9999999999999999

Nodes: [ 26  51 101 251 501]

Errors:
 - Prasath_err_v = [8.15163206e-05 7.29823721e-09 2.00478405e-09 5.07918684e-10
 1.80274948e-10]
 - Trap_err_v = [0.0183233  0.00973764 0.00499208 0.00202413 0.00101644]
 - IMEX2_err_v = [0.0183233  0.00973764 0.00499208 0.00202413 0.00101644]
 - Daitche_err_v = [2.45152543e-04 9.75366745e-05 4.09021735e-05 1.36405754e-05
 6.14554908e-06]
 - IMEX4_err_v = [0.0145055  0.00832427 0.00492161 0.00272867 0.00196826]
 - DIRK4_err_v = [0.0145055  0.00832427 0.00492161 0.00272867 0.00196826]
