Parameters:
 - t_0: 0.0
 - t_f: 1.0
 - y_0: [0. 0.]
 - v_0: [0.1 0. ]
 - R: 1.3333333333333333
 - S: 0.009999999999999998

Nodes: [ 26  51 101 251 501]

Errors:
 - Prasath: [8.26225190e-07 6.09161016e-08 2.00501049e-08 5.07938153e-09
 1.79832208e-09]
 - Trap. Rule: [0.00604213 0.0030692  0.00154831 0.00062282 0.00031201]
 - IMEX2: [0.00604213 0.0030692  0.00154831 0.00062282 0.00031201]
 - Daitche: [1.54381174e+07 3.18564104e+10 1.16395817e+09 7.04860134e-05
 2.54548656e-05]
 - IMEX4: [0.00462208 0.0026939  0.00162083 0.00093736 0.00070253]
 - DIKR4: [0.00462208 0.0026939  0.00162083 0.00093736 0.00070253]
