Parameters:
 - t_0: 0.0
 - t_f: 1.0
 - y_0: [0. 0.]
 - v_0: [0.1 0. ]
 - R: 1.3333333333333333
 - S: 3.9999999999999996

Nodes: [ 26  51 101 251 501]

Errors:
 - Prasath_err_v = [7.53982392e-04 4.87825352e-08 1.00221488e-09 2.53956207e-10
 9.16897461e-11]
 - Trap_err_v = [0.01349711 0.00740854 0.00385938 0.00157952 0.00079559]
 - IMEX2_err_v = [0.01349711 0.00740854 0.00385938 0.00157952 0.00079559]
 - Daitche_err_v = [1.37190700e-04 5.33439550e-05 2.13784534e-05 6.69952347e-06
 2.88749370e-06]
 - IMEX4_err_v = [0.01121498 0.00645492 0.00380539 0.0020916  0.00149593]
 - DIKR4_err_v = [0.01121498 0.00645492 0.00380539 0.0020916  0.00149593]
