Parameters:
 - t_0: 0.0
 - t_f: 1.0
 - y_0: [0. 0.]
 - v_0: [0.1 0. ]
 - R: 1.3333333333333333
 - S: 1.9999999999999998

Nodes: [ 26  51 101 251 501]

Errors:
 - Prasath: [1.43855564e-05 4.16072895e-09 1.41751874e-09 3.59150810e-10
 1.28272011e-10]
 - Trap. Rule: [0.01623238 0.00877955 0.00453873 0.00184909 0.00092997]
 - IMEX2: [0.01623238 0.00877955 0.00453873 0.00184909 0.00092997]
 - Daitche: [1.85730518e-04 7.35944468e-05 3.01719048e-05 9.76450328e-06
 4.30893120e-06]
 - IMEX4: [0.01318527 0.00757452 0.0044705  0.00246625 0.00177034]
 - DIKR4: [0.01318527 0.00757452 0.0044705  0.00246625 0.00177034]
