Parameters:
 - t_0: 0.0
 - t_f: 1.0
 - y_0: [0. 0.]
 - v_0: [0.1 0. ]
 - R: 1.3333333333333333
 - S: 0.49999999999999994

Nodes: [ 26  51 101 251 501]

Errors:
 - Prasath_err_v = [1.22985462e-05 8.59498183e-09 2.83525973e-09 7.18308094e-10
 2.54320602e-10]
 - Trap_err_v = [0.01909563 0.00995886 0.00506535 0.00204525 0.0010257 ]
 - IMEX2_err_v = [0.01909563 0.00995886 0.00506535 0.00204525 0.0010257 ]
 - Daitche_err_v = [3.36327739e-04 1.22576272e-04 5.25258458e-05 1.79927696e-05
 8.24873283e-06]
 - IMEX4_err_v = [0.01473397 0.00846205 0.0050155  0.00279851 0.00203099]
 - DIRK4_err_v = [0.01473397 0.00846205 0.0050155  0.00279851 0.00203099]
